    5432
    65534
    56895
    48563
    40965
    63248
    54273
    62459
    45685
    24563
    69568
    478567
    35971
    25438
    69324
    73257
    598476
    98623
    96543
    32154
    58427
    62351
    78592
    46528
    54732
    79635
    98624
    54967
    45829
    52364
    87454
    32546
    78423
    25496
    98654
    75429
    63217
    54789
    96582
    87424
    56978
    96543
    54283
    85734
    45839
    36584
    96547
    32176
    75429
    65432